/*--------------------------------*- C++ -*----------------------------------*\
  =========                 |
  \\      /  F ield         | OpenFOAM: The Open Source CFD Toolbox
   \\    /   O peration     | Website:  https://openfoam.org
    \\  /    A nd           | Version:  13
     \\/     M anipulation  |
\*---------------------------------------------------------------------------*/
FoamFile
{
    format      ascii;
    class       volScalarField;
    location    "1.000000e-02";
    object      p;
}
// * * * * * * * * * * * * * * * * * * * * * * * * * * * * * * * * * * * * * //

dimensions      [1 -1 -2 0 0 0 0];

internalField   nonuniform List<scalar> 
2197
(
66494.89347
66494.81989
66494.91608
66494.9818
66494.97345
66494.89947
66494.77779
66494.61724
66494.41448
66494.16509
66493.88352
66493.64424
66493.66894
66494.79067
66494.71493
66494.83024
66494.89909
66494.88866
66494.81467
66494.70014
66494.55517
66494.37303
66494.14233
66493.86687
66493.60651
66493.61677
66494.81817
66494.76365
66494.9468
66495.07774
66495.11091
66495.06436
66494.9669
66494.83152
66494.64832
66494.39823
66494.07967
66493.76036
66493.74182
66494.78911
66494.73785
66494.97881
66495.17049
66495.25167
66495.23954
66495.16542
66495.04414
66494.86374
66494.59983
66494.24722
66493.88334
66493.86004
66494.66447
66494.60915
66494.8845
66495.11859
66495.2382
66495.25743
66495.20795
66495.1051
66494.93529
66494.67076
66494.30432
66493.92026
66493.90491
66494.45716
66494.39869
66494.68866
66494.94739
66495.09391
66495.13848
66495.11151
66495.02794
66494.873
66494.61728
66494.25294
66493.86827
66493.86381
66494.19176
66494.13634
66494.42867
66494.69874
66494.86266
66494.92671
66494.91875
66494.85251
66494.71282
66494.47034
66494.11783
66493.74412
66493.74632
66493.88836
66493.84326
66494.13003
66494.40122
66494.5746
66494.65261
66494.65957
66494.60744
66494.48147
66494.25411
66493.91962
66493.564
66493.56603
66493.5596
66493.5289
66493.80102
66494.06253
66494.23656
66494.32206
66494.33927
66494.29807
66494.18487
66493.97524
66493.66569
66493.33628
66493.33378
66493.21841
66493.20013
66493.44411
66493.6822
66493.84593
66493.93113
66493.95354
66493.92076
66493.82097
66493.63404
66493.35941
66493.06857
66493.06281
66492.89271
66492.87712
66493.07716
66493.27689
66493.41869
66493.49544
66493.51792
66493.49136
66493.40624
66493.24793
66493.01941
66492.78144
66492.78104
66492.65296
66492.6197
66492.76721
66492.92357
66493.0395
66493.10468
66493.12402
66493.10007
66493.02632
66492.89496
66492.71342
66492.53432
66492.55831
66492.67131
66492.62745
66492.75064
66492.9016
66493.02235
66493.09438
66493.11573
66493.08622
66493.002
66492.86219
66492.68363
66492.53022
66492.56943
66494.85447
66494.7097
66494.73586
66494.74281
66494.69828
66494.60967
66494.48901
66494.34299
66494.17133
66493.97373
66493.76194
66493.59459
66493.6786
66494.67214
66494.47368
66494.46961
66494.443
66494.37335
66494.27393
66494.15939
66494.03664
66493.90243
66493.75031
66493.58167
66493.43896
66493.55055
66494.62856
66494.40467
66494.41391
66494.40626
66494.35193
66494.26497
66494.16321
66494.05527
66493.93571
66493.79221
66493.62249
66493.47287
66493.59602
66494.54508
66494.29086
66494.31651
66494.33409
66494.30261
66494.23543
66494.15174
66494.06125
66493.95698
66493.82256
66493.65221
66493.49797
66493.64692
66494.39222
66494.11472
66494.15015
66494.18717
66494.17635
66494.12914
66494.06493
66493.99381
66493.90744
66493.78666
66493.62313
66493.47249
66493.64899
66494.18088
66493.89367
66493.93398
66493.98508
66493.9917
66493.96266
66493.9167
66493.86374
66493.79442
66493.68803
66493.53517
66493.39385
66493.59055
66493.92871
66493.64788
66493.6922
66493.75426
66493.77614
66493.76347
66493.73347
66493.69534
66493.63935
66493.54479
66493.4027
66493.27171
66493.4759
66493.65184
66493.39274
66493.44212
66493.51342
66493.54901
66493.55108
66493.53442
66493.50706
66493.45962
66493.37297
66493.23986
66493.11764
66493.31497
66493.3629
66493.13701
66493.19117
66493.26899
66493.31567
66493.32998
66493.32374
66493.30348
66493.26077
66493.1792
66493.0542
66492.94006
66493.11857
66493.07595
66492.88868
66492.94353
66493.02267
66493.07574
66493.09844
66493.09937
66493.08344
66493.04346
66492.96647
66492.85122
66492.74786
66492.90084
66492.81522
66492.6641
66492.71421
66492.78807
66492.84157
66492.86793
66492.87259
66492.85874
66492.82066
66492.74936
66492.64701
66492.55763
66492.6857
66492.63773
66492.50889
66492.55338
66492.62084
66492.67292
66492.7012
66492.70723
66492.69228
66492.65255
66492.58402
66492.49148
66492.41396
66492.52916
66492.70149
66492.59681
66492.65162
66492.74105
66492.81728
66492.86378
66492.87602
66492.85269
66492.79208
66492.69608
66492.57888
66492.49225
66492.58923
66494.14303
66493.98213
66493.98832
66493.97976
66493.92678
66493.83711
66493.7219
66493.58828
66493.4379
66493.27085
66493.09454
66492.95862
66493.05576
66493.94211
66493.71986
66493.68929
66493.64381
66493.56327
66493.46181
66493.35298
66493.24394
66493.13317
66493.01376
66492.88258
66492.77531
66492.901
66493.88536
66493.63237
66493.60042
66493.55995
66493.48343
66493.38711
66493.28817
66493.19502
66493.10345
66492.99994
66492.87669
66492.77241
66492.90857
66493.79809
66493.51179
66493.48268
66493.45279
66493.38662
66493.30161
66493.21684
66493.14139
66493.0689
66492.98106
66492.86554
66492.76482
66492.92514
66493.65187
66493.3396
66493.30958
66493.28715
66493.2312
66493.15874
66493.08956
66493.03294
66492.98064
66492.91102
66492.80841
66492.71749
66492.90514
66493.45754
66493.13389
66493.10243
66493.08653
66493.04117
66492.98152
66492.92727
66492.88761
66492.85296
66492.79973
66492.71087
66492.63267
66492.84117
66493.23129
66492.91341
66492.88418
66492.87659
66492.8434
66492.79716
66492.75645
66492.72994
66492.70762
66492.66573
66492.58758
66492.52021
66492.73738
66492.98813
66492.69234
66492.67026
66492.67337
66492.65426
66492.62214
66492.59335
66492.57567
66492.5595
66492.52279
66492.45084
66492.39007
66492.6019
66492.74032
66492.47892
66492.4668
66492.48112
66492.47628
66492.45773
66492.43891
66492.42631
66492.41143
66492.3752
66492.30621
66492.24894
66492.44345
66492.49987
66492.27876
66492.27493
66492.29782
66492.30467
66492.29729
66492.28599
66492.27576
66492.25946
66492.2218
66492.15539
66492.10225
66492.27297
66492.28558
66492.10269
66492.10358
66492.12993
66492.1439
66492.14405
66492.13742
66492.12745
66492.10851
66492.06958
66492.00756
66491.96032
66492.10798
66492.14547
66491.98967
66491.99508
66492.02371
66492.04276
66492.04876
66492.0447
66492.03212
66492.00732
66491.96459
66491.90429
66491.86
66491.99385
66492.22261
66492.09365
66492.10987
66492.15956
66492.20254
66492.22674
66492.22891
66492.20799
66492.1623
66492.09262
66492.00887
66491.95481
66492.07033
66492.89175
66492.75092
66492.75335
66492.74833
66492.70546
66492.62809
66492.52499
66492.404
66492.26948
66492.12358
66491.9734
66491.86049
66491.94093
66492.71689
66492.51623
66492.483
66492.44479
66492.37783
66492.29089
66492.19456
66492.09598
66491.99654
66491.89224
66491.78113
66491.69406
66491.79941
66492.67354
66492.44202
66492.40067
66492.35997
66492.29073
66492.2047
66492.11598
66492.03197
66491.95067
66491.8619
66491.7592
66491.67603
66491.78774
66492.6119
66492.34936
66492.30347
66492.26343
66492.1955
66492.1142
66492.03577
66491.96745
66491.90421
66491.83097
66491.73673
66491.65779
66491.78701
66492.50145
66492.21489
66492.16219
66492.12096
66492.05506
66491.97992
66491.91285
66491.86087
66491.81644
66491.76081
66491.67958
66491.61046
66491.76136
66492.34876
66492.05162
66491.99386
66491.95327
66491.89189
66491.82438
66491.76838
66491.73093
66491.70264
66491.66246
66491.59447
66491.53754
66491.70583
66492.16765
66491.87548
66491.81866
66491.78335
66491.73043
66491.67267
66491.62703
66491.60061
66491.5832
66491.5532
66491.49491
66491.4478
66491.6242
66491.97215
66491.69933
66491.64974
66491.62424
66491.58354
66491.53766
66491.5018
66491.48224
66491.46956
66491.44356
66491.39026
66491.34883
66491.52248
66491.7741
66491.53122
66491.4922
66491.47823
66491.45106
66491.41745
66491.39005
66491.37414
66491.36169
66491.33525
66491.28375
66491.24523
66491.40687
66491.58398
66491.37634
66491.34692
66491.3426
66491.32723
66491.30422
66491.28343
66491.269
66491.25445
66491.22576
66491.17569
66491.14045
66491.28507
66491.41685
66491.24322
66491.22058
66491.22146
66491.21407
66491.1987
66491.18221
66491.16759
66491.14991
66491.11913
66491.07212
66491.04121
66491.16949
66491.3113
66491.16422
66491.1483
66491.15334
66491.15197
66491.14266
66491.12868
66491.11148
66491.08798
66491.05298
66491.00618
66490.97662
66491.09492
66491.37991
66491.2602
66491.25416
66491.27597
66491.29395
66491.29931
66491.29017
66491.26589
66491.22503
66491.16772
66491.10176
66491.0638
66491.16529
66491.25269
66491.15301
66491.15795
66491.16032
66491.13117
66491.06878
66490.97887
66490.86972
66490.74862
66490.62111
66490.49522
66490.40219
66490.45209
66491.13097
66490.98195
66490.95728
66490.93362
66490.88666
66490.81815
66490.73484
66490.64377
66490.54957
66490.45309
66490.35597
66490.28215
66490.34739
66491.11559
66490.93822
66490.90095
66490.86892
66490.81539
66490.74527
66490.66783
66490.58899
66490.50948
66490.42527
66490.33479
66490.26371
66490.33023
66491.09299
66490.88833
66490.84057
66490.80079
66490.74151
66490.67107
66490.60046
66490.53431
66490.46977
66490.39849
66490.3153
66490.24753
66490.3241
66491.03307
66490.8078
66490.74936
66490.70182
66490.63826
66490.56882
66490.50556
66490.4524
66490.40336
66490.34666
66490.27435
66490.21438
66490.30515
66490.93718
66490.70267
66490.63735
66490.58623
66490.52236
66490.45601
66490.39992
66490.35835
66490.3228
66490.27889
66490.21746
66490.16723
66490.27022
66490.81574
66490.58471
66490.51963
66490.47126
66490.41233
66490.35196
66490.30374
66490.27007
66490.24358
66490.2081
66490.1546
66490.11229
66490.22178
66490.68118
66490.46486
66490.40647
66490.36632
66490.31688
66490.26564
66490.22392
66490.19587
66490.17286
66490.1407
66490.09136
66490.05393
66490.16322
66490.54402
66490.35058
66490.30195
66490.27214
66490.2338
66490.19237
66490.15722
66490.13141
66490.1084
66490.07625
66490.02876
66489.99435
66490.09791
66490.41317
66490.24662
66490.2071
66490.18623
66490.15785
66490.12498
66490.0949
66490.07007
66490.04565
66490.01229
66489.96642
66489.93528
66490.03041
66490.29918
66490.15956
66490.12698
66490.11167
66490.09041
66490.06388
66490.03718
66490.01225
66489.98575
66489.95126
66489.90794
66489.88101
66489.96826
66490.22883
66490.11262
66490.08742
66490.0766
66490.06081
66490.03928
66490.0145
66489.98766
66489.95702
66489.91949
66489.87655
66489.85073
66489.93281
66490.28034
66490.18916
66490.17362
66490.17572
66490.17376
66490.1622
66490.14028
66490.10791
66490.06434
66490.01033
66489.95254
66489.91811
66489.98731
66489.37779
66489.33038
66489.33721
66489.34053
66489.31807
66489.26476
66489.1843
66489.0853
66488.97737
66488.86862
66488.76806
66488.69526
66488.70705
66489.32362
66489.24456
66489.23223
66489.21981
66489.18754
66489.13236
66489.05805
66488.97181
66488.88072
66488.78993
66488.70493
66488.64078
66488.65482
66489.34087
66489.23836
66489.2111
66489.18642
66489.14549
66489.08785
66489.01819
66488.94138
66488.86063
66488.77793
66488.6971
66488.63355
66488.64288
66489.35798
66489.23328
66489.19132
66489.15305
66489.10227
66489.04155
66488.97628
66488.90896
66488.83919
66488.76575
66488.69045
66488.62911
66488.64031
66489.35073
66489.20955
66489.15517
66489.10558
66489.04717
66488.98462
66488.92365
66488.86563
66488.80702
66488.74389
66488.67621
66488.61998
66488.63714
66489.31659
66489.16782
66489.10652
66489.05142
66488.99004
66488.92768
66488.87186
66488.82122
66488.77243
66488.71836
66488.65823
66488.60835
66488.63203
66489.26276
66489.11547
66489.05412
66489.00014
66488.94089
66488.88237
66488.83649
66488.78633
66488.74351
66488.69577
66488.64145
66488.59723
66488.62565
66489.19912
66489.0607
66489.00471
66488.95679
66488.90385
66488.85031
66488.80338
66488.76221
66488.72288
66488.67814
66488.62761
66488.58768
66488.61847
66489.1336
66489.00911
66488.96102
66488.92111
66488.87593
66488.82914
66488.78578
66488.74674
66488.7077
66488.66404
66488.61592
66488.5793
66488.61082
66489.0714
66488.96381
66488.9236
66488.89116
66488.85334
66488.81245
66488.77251
66488.73411
66488.69472
66488.65129
66488.60514
66488.57181
66488.60346
66489.01745
66488.92789
66488.8946
66488.86792
66488.83595
66488.79966
66488.7619
66488.72355
66488.68339
66488.63999
66488.5959
66488.56569
66488.59826
66488.98511
66488.91329
66488.88753
66488.86601
66488.83883
66488.80611
66488.76943
66488.72986
66488.6875
66488.64259
66488.59821
66488.56835
66488.60277
66489.0159
66488.96526
66488.94952
66488.93747
66488.91861
66488.89108
66488.85517
66488.81152
66488.76085
66488.7048
66488.64886
66488.61041
66488.63722
66487.40166
66487.40985
66487.41194
66487.40358
66487.37475
66487.32069
66487.24459
66487.15508
66487.062
66486.97487
66486.90294
66486.85236
66486.82497
66487.41928
66487.41778
66487.41453
66487.40277
66487.37348
66487.3224
66487.25197
66487.16927
66487.08225
66486.99898
66486.92802
66486.87404
66486.83204
66487.46534
66487.44795
66487.43047
66487.40552
66487.36768
66487.31429
66487.24695
66487.16976
66487.08777
66487.00795
66486.93882
66486.88359
66486.83033
66487.51448
66487.48172
66487.44836
66487.40774
66487.35929
66487.30217
66487.2372
66487.16556
66487.08946
66487.01463
66486.94932
66486.89542
66486.83603
66487.55361
66487.50985
66487.46488
66487.41293
66487.35684
66487.29757
66487.23512
66487.16854
66487.09825
66487.02867
66486.96737
66486.91568
66486.8541
66487.57946
66487.53031
66487.47988
66487.42297
66487.36389
66487.30465
66487.24499
66487.18284
66487.11747
66487.05246
66486.99482
66486.94563
66486.88484
66487.59666
66487.54654
66487.49605
66487.43961
66487.3814
66487.3241
66487.26711
66487.20797
66487.14665
66487.08538
66487.03097
66486.98464
66486.92689
66487.61111
66487.56319
66487.51605
66487.46324
66487.4081
66487.353
66487.29838
66487.24208
66487.18333
66487.12504
66487.07372
66487.03051
66486.9777
66487.62612
66487.58236
66487.54047
66487.49275
66487.44166
66487.38945
66487.33666
66487.28203
66487.22516
66487.16923
66487.12046
66487.08011
66487.034
66487.641
66487.60335
66487.56786
66487.52593
66487.47933
66487.43008
66487.37893
66487.32534
66487.2697
66487.21542
66487.16822
66487.12997
66487.0924
66487.65315
66487.62371
66487.59522
66487.55948
66487.51755
66487.47116
66487.42119
66487.36806
66487.31305
66487.25953
66487.21273
66487.17598
66487.14823
66487.66099
66487.64239
66487.62157
66487.59193
66487.5544
66487.51035
66487.46088
66487.40735
66487.35179
66487.29745
66487.24938
66487.21223
66487.19301
66487.67024
66487.66627
66487.65578
66487.63288
66487.59869
66487.5553
66487.50453
66487.44821
66487.38855
66487.32837
66487.27203
66487.22547
66487.20583
66485.43687
66485.49527
66485.48127
66485.44709
66485.39934
66485.33694
66485.26279
66485.18386
66485.10899
66485.0484
66485.01107
66484.98915
66484.92645
66485.51971
66485.59067
66485.58618
66485.56236
66485.52526
66485.47172
66485.40303
66485.32473
66485.24464
66485.17344
66485.12233
66485.08467
66484.99209
66485.58348
66485.64824
66485.63338
66485.59892
66485.55598
66485.50129
66485.43358
66485.35558
66485.27394
66485.20098
66485.14956
66485.10931
66484.99966
66485.65258
66485.71103
66485.68294
66485.63507
66485.58392
66485.52637
66485.45886
66485.38144
66485.29964
66485.22673
66485.17715
66485.13753
66485.01354
66485.72879
66485.78389
66485.74806
66485.69227
66485.63637
66485.57764
66485.51111
66485.43427
66485.35233
66485.27913
66485.22963
66485.18895
66485.05427
66485.81102
66485.86394
66485.82611
66485.76812
66485.71105
66485.65335
66485.5877
66485.51224
66485.43002
66485.35655
66485.30634
66485.26363
66485.12367
66485.90065
66485.95083
66485.91386
66485.85675
66485.80037
66485.74305
66485.67318
66485.60429
66485.52364
66485.45081
66485.40053
66485.35682
66485.2177
66485.99831
66486.04408
66486.00886
66485.95348
66485.89746
66485.84059
66485.77665
66485.70375
66485.62496
66485.55464
66485.50558
66485.4625
66485.33047
66486.10025
66486.14058
66486.10807
66486.055
66485.99949
66485.94177
66485.87822
66485.80645
66485.7311
66485.66387
66485.61636
66485.57452
66485.45486
66486.19842
66486.23402
66486.20636
66486.15733
66486.10325
66486.04553
66485.98198
66485.9119
66485.83948
66485.77485
66485.72775
66485.68628
66485.58268
66486.28136
66486.31512
66486.29419
66486.25126
66486.20033
66486.14369
66486.08072
66486.01203
66485.94188
66485.87872
66485.83033
66485.78793
66485.70194
66486.33221
66486.36888
66486.35506
66486.31871
66486.27144
66486.21599
66486.15339
66486.08566
66486.01709
66485.9542
66485.90319
66485.85913
66485.7886
66486.32014
66486.36471
66486.36114
66486.32839
66486.27935
66486.22007
66486.15427
66486.08534
66486.01706
66485.9534
66485.8974
66485.84435
66485.77986
66483.59295
66483.69055
66483.65006
66483.58049
66483.50744
66483.43415
66483.36275
66483.29726
66483.24497
66483.21666
66483.21989
66483.23234
66483.14275
66483.72617
66483.85518
66483.83766
66483.79273
66483.74217
66483.68458
66483.61912
66483.54857
66483.48029
66483.42726
66483.40283
66483.38952
66483.2575
66483.79301
66483.92567
66483.90329
66483.85271
66483.80113
66483.74478
66483.67856
66483.6031
66483.52681
66483.46677
66483.43958
66483.4227
66483.26899
66483.86862
66484.00616
66483.97588
66483.91714
66483.86198
66483.80453
66483.73647
66483.65665
66483.57423
66483.5091
66483.48115
66483.46341
66483.2875
66483.97228
66484.11596
66484.08402
66484.02301
66483.96737
66483.91011
66483.84109
66483.75752
66483.6693
66483.59831
66483.56611
66483.54347
66483.34813
66484.10554
66484.25207
66484.223
66484.16353
66484.10906
66484.05302
66483.98396
66483.8974
66483.80453
66483.72853
66483.69108
66483.66153
66483.45435
66484.26619
66484.40969
66484.3834
66484.32569
66484.27167
66484.2157
66484.1455
66484.05818
66483.96316
66483.88473
66483.84354
66483.80859
66483.59966
66484.44797
66484.58167
66484.55659
66484.49926
66484.44333
66484.38465
66484.3134
66484.22561
66484.13214
66484.05465
66484.01209
66483.97455
66483.77407
66484.63878
66484.75813
66484.73408
66484.67686
66484.61823
66484.55576
66484.4822
66484.39568
66484.3055
66484.23081
66484.18808
66484.14953
66483.96632
66484.82236
66484.92646
66484.90576
66484.85076
66484.79058
66484.72533
66484.6503
66484.56534
66484.47883
66484.40709
66484.36343
66484.32332
66484.16322
66484.97809
66485.07045
66485.05551
66485.00586
66484.94679
66484.88071
66484.80558
66484.72279
66484.63995
66484.57027
66484.52373
66484.481
66484.34581
66485.07354
66485.16134
66485.15232
66485.10851
66485.05153
66484.98511
66484.91029
66484.83003
66484.75109
66484.68298
66484.6335
66484.58864
66484.47346
66485.0425
66485.1312
66485.13125
66485.08692
66485.02225
66484.94717
66484.86729
66484.78764
66484.71368
66484.65089
66484.60096
66484.5473
66484.44423
66481.99524
66482.11975
66482.04812
66481.94085
66481.84141
66481.75731
66481.68989
66481.64031
66481.61429
66481.62218
66481.66954
66481.72044
66481.61393
66482.15908
66482.3279
66482.2893
66482.21909
66482.15264
66482.09059
66482.02995
66481.97061
66481.91959
66481.89153
66481.90041
66481.91871
66481.76295
66482.2146
66482.39587
66482.3574
66482.28639
66482.22319
66482.1645
66482.1018
66482.03364
66481.9699
66481.93091
66481.93537
66481.95006
66481.76978
66482.28459
66482.48224
66482.4414
66482.3674
66482.30488
66482.24641
66482.17997
66482.1034
66482.02882
66481.98075
66481.9823
66481.99493
66481.78561
66482.40494
66482.61846
66482.58175
66482.51063
66482.45111
66482.39378
66482.32443
66482.24031
66482.15538
66482.09692
66482.09054
66482.09495
66481.8586
66482.57964
66482.80196
66482.77223
66482.70571
66482.6492
66482.59268
66482.52109
66482.43113
66482.33794
66482.27043
66482.25488
66482.24817
66481.99411
66482.80332
66483.02313
66482.99836
66482.93449
66482.87809
66482.82031
66482.74625
66482.6524
66482.55452
66482.4815
66482.45859
66482.44238
66482.18387
66483.06219
66483.26831
66483.24518
66483.181
66483.1213
66483.05912
66482.98151
66482.88605
66482.78754
66482.71311
66482.68572
66482.66326
66482.41405
66483.33623
66483.52059
66483.49762
66483.43233
66483.36754
66483.29948
66483.21804
66483.12236
66483.02597
66482.95301
66482.92301
66482.89707
66482.66895
66483.60106
66483.76108
66483.7404
66483.67579
66483.60714
66483.53392
66483.44955
66483.35485
66483.26194
66483.19147
66483.1589
66483.12945
66482.93
66483.82766
66483.96715
66483.9514
66483.89139
66483.822
66483.74614
66483.66089
66483.5685
66483.47975
66483.41121
66483.37432
66483.34044
66483.1709
66483.96863
66484.09698
66484.08579
66484.03058
66483.96149
66483.88369
66483.79836
66483.70961
66483.62629
66483.56041
66483.52022
66483.48271
66483.33668
66483.92179
66484.04497
66484.0402
66483.97889
66483.89573
66483.80426
66483.71207
66483.62572
66483.55232
66483.49816
66483.46253
66483.41861
66483.28916
66480.78649
66480.92207
66480.81847
66480.67487
66480.54887
66480.45304
66480.38878
66480.3555
66480.35776
66480.40443
66480.49678
66480.58692
66480.47838
66480.95469
66481.14015
66481.07422
66480.9753
66480.8891
66480.81949
66480.76284
66480.71724
66480.68935
66480.6936
66480.74136
66480.79688
66480.63778
66480.98467
66481.18942
66481.12497
66481.02671
66480.94491
66480.87865
66480.81881
66480.76275
66480.72084
66480.71383
66480.7584
66480.81285
66480.62836
66481.0367
66481.26704
66481.20265
66481.10327
66481.02298
66480.95651
66480.89123
66480.82455
66480.7701
66480.75333
66480.79544
66480.84879
66480.6309
66481.15944
66481.41348
66481.35574
66481.26087
66481.18441
66481.11849
66481.04843
66480.97184
66480.90479
66480.87592
66480.90928
66480.95368
66480.70391
66481.36022
66481.62747
66481.57872
66481.48954
66481.41628
66481.35031
66481.27611
66481.19141
66481.11379
66481.07363
66481.09578
66481.12704
66480.85603
66481.6306
66481.89632
66481.85417
66481.76827
66481.69498
66481.62666
66481.54812
66481.45753
66481.37289
66481.32457
66481.33653
66481.35521
66481.07784
66481.95127
66482.20089
66482.16152
66482.07599
66481.9991
66481.92549
66481.84201
66481.74771
66481.65998
66481.60738
66481.61131
66481.6204
66481.35291
66482.29544
66482.51832
66482.47986
66482.39362
66482.31127
66482.23086
66482.14233
66482.04617
66481.95845
66481.90461
66481.90259
66481.9049
66481.66071
66482.63195
66482.82386
66482.78815
66482.70312
66482.61661
66482.5302
66482.43786
66482.34152
66482.25575
66482.20199
66482.19402
66482.18964
66481.9774
66482.92336
66483.08796
66483.05791
66482.97833
66482.89108
66482.80167
66482.70789
66482.6133
66482.53032
66482.47629
66482.4609
66482.44846
66482.26908
66483.10909
66483.25796
66483.23249
66483.15773
66483.07038
66482.97837
66482.88426
66482.79329
66482.71536
66482.66302
66482.64224
66482.62401
66482.46935
66483.05446
66483.19216
66483.16831
66483.08063
66482.97319
66482.86329
66482.76086
66482.67362
66482.60976
66482.57473
66482.56505
66482.54519
66482.41025
66480.11062
66480.2299
66480.09012
66479.90574
66479.74684
66479.63307
66479.56726
66479.5484
66479.58063
66479.67053
66479.81197
66479.94519
66479.85988
66480.24544
66480.41258
66480.3062
66480.16454
66480.04407
66479.9557
66479.89749
66479.86695
66479.87053
66479.92047
66480.02044
66480.1244
66479.99366
66480.23319
66480.42088
66480.30585
66480.15561
66480.03227
66479.94256
66479.8796
66479.84023
66479.83469
66479.88154
66479.98903
66480.10399
66479.95146
66480.24975
66480.46525
66480.3423
66480.18288
66480.05435
66479.95995
66479.8896
66479.84043
66479.82618
66479.87006
66479.98416
66480.10777
66479.92352
66480.3553
66480.59558
66480.47368
66480.31307
66480.18365
66480.08627
66480.00922
66479.95007
66479.92515
66479.96097
66480.07202
66480.193
66479.97869
66480.56139
66480.81518
66480.69992
66480.54227
66480.41352
66480.31395
66480.23105
66480.1629
66480.12748
66480.15297
66480.25482
66480.36515
66480.13045
66480.85781
66481.10977
66481.00148
66480.84745
66480.71853
66480.61573
66480.52721
66480.4517
66480.40769
66480.42339
66480.5134
66480.61013
66480.36993
66481.22092
66481.45634
66481.3537
66481.20298
66481.07223
66480.96477
66480.87058
66480.78947
66480.73945
66480.74697
66480.82462
66480.90812
66480.6774
66481.61988
66481.82799
66481.73141
66481.58506
66481.45267
66481.34024
66481.24092
66481.15591
66481.102
66481.10259
66481.16736
66481.23742
66481.02923
66482.01766
66482.1942
66482.10737
66481.96949
66481.83825
66481.72285
66481.62014
66481.53295
66481.47618
66481.46949
66481.51937
66481.57365
66481.39534
66482.36867
66482.51659
66482.44404
66482.31971
66482.1943
66482.07956
66481.97623
66481.88868
66481.82947
66481.81441
66481.84626
66481.88166
66481.73475
66482.59999
66482.73221
66482.67225
66482.56038
66482.44054
66482.32647
66482.22374
66482.13779
66482.07916
66482.05825
66482.07553
66482.09632
66481.96968
66482.55733
66482.67406
66482.61151
66482.48299
66482.34101
66482.20836
66482.09662
66482.01455
66481.97022
66481.96821
66482.00069
66482.02357
66481.91841
66480.10322
66480.16014
66479.94661
66479.69109
66479.48083
66479.33899
66479.26514
66479.2566
66479.31991
66479.46498
66479.68125
66479.89104
66479.86886
66480.15804
66480.21695
66479.98656
66479.73437
66479.53635
66479.40583
66479.336
66479.32175
66479.37246
66479.5054
66479.72025
66479.95012
66479.92873
66480.06279
66480.09835
66479.80335
66479.49836
66479.26868
66479.12158
66479.04292
66479.02563
66479.0838
66479.24341
66479.51043
66479.80704
66479.80917
66480.01159
66480.04242
66479.69766
66479.34876
66479.09035
66478.92545
66478.8353
66478.8122
66478.87441
66479.05445
66479.36263
66479.70949
66479.71471
66480.07833
66480.11506
66479.74772
66479.37685
66479.10259
66478.92591
66478.82563
66478.79416
66478.85286
66479.03851
66479.36384
66479.73207
66479.72829
66480.27478
66480.31815
66479.94915
66479.57362
66479.29385
66479.11055
66479.00203
66478.96125
66479.01138
66479.19131
66479.51443
66479.88072
66479.86599
66480.58405
66480.62843
66480.26991
66479.90058
66479.62144
66479.43444
66479.31904
66479.26922
66479.30873
66479.47625
66479.78453
66480.13477
66480.11371
66480.97789
66481.01645
66480.67618
66480.32075
66480.04666
66479.85792
66479.73681
66479.67889
66479.70724
66479.85835
66480.14331
66480.46842
66480.44797
66481.42338
66481.45281
66481.13965
66480.80703
66480.54364
66480.3564
66480.23154
66480.16664
66480.18313
66480.3137
66480.56703
66480.85822
66480.84272
66481.88281
66481.90569
66481.63256
66481.33486
66481.09079
66480.9105
66480.78515
66480.71442
66480.71731
66480.82166
66481.03296
66481.27787
66481.26724
66482.30446
66482.33069
66482.11203
66481.86245
66481.64747
66481.48061
66481.35877
66481.28353
66481.27105
66481.3429
66481.50127
66481.68724
66481.67375
66482.59994
66482.64783
66482.48891
66482.28914
66482.10444
66481.95216
66481.83503
66481.75754
66481.73191
66481.77284
66481.8789
66482.00198
66481.96911
66482.59632
66482.65617
66482.52593
66482.3351
66482.14694
66481.98683
66481.86479
66481.78818
66481.76708
66481.80914
66481.90433
66481.99857
66481.95648
)
;

boundaryField
{
    walls
    {
        type            fixedFluxPressure;
        gradient        uniform 0;
        value           nonuniform List<scalar> 
1014
(
66494.89347
66494.79067
66494.81817
66494.78911
66494.66447
66494.45716
66494.19176
66493.88836
66493.5596
66493.21841
66492.89271
66492.65296
66492.67131
66494.81989
66494.71493
66494.76365
66494.73785
66494.60915
66494.39869
66494.13634
66493.84326
66493.5289
66493.20013
66492.87712
66492.6197
66492.62745
66494.91608
66494.83024
66494.9468
66494.97881
66494.8845
66494.68866
66494.42867
66494.13003
66493.80102
66493.44411
66493.07716
66492.76721
66492.75064
66494.9818
66494.89909
66495.07774
66495.17049
66495.11859
66494.94739
66494.69874
66494.40122
66494.06253
66493.6822
66493.27689
66492.92357
66492.9016
66494.97345
66494.88866
66495.11091
66495.25167
66495.2382
66495.09391
66494.86266
66494.5746
66494.23656
66493.84593
66493.41869
66493.0395
66493.02235
66494.89947
66494.81467
66495.06436
66495.23954
66495.25743
66495.13848
66494.92671
66494.65261
66494.32206
66493.93113
66493.49544
66493.10468
66493.09438
66494.77779
66494.70014
66494.9669
66495.16542
66495.20795
66495.11151
66494.91875
66494.65957
66494.33927
66493.95354
66493.51792
66493.12402
66493.11573
66494.61724
66494.55517
66494.83152
66495.04414
66495.1051
66495.02794
66494.85251
66494.60744
66494.29807
66493.92076
66493.49136
66493.10007
66493.08622
66494.41448
66494.37303
66494.64832
66494.86374
66494.93529
66494.873
66494.71282
66494.48147
66494.18487
66493.82097
66493.40624
66493.02632
66493.002
66494.16509
66494.14233
66494.39823
66494.59983
66494.67076
66494.61728
66494.47034
66494.25411
66493.97524
66493.63404
66493.24793
66492.89496
66492.86219
66493.88352
66493.86687
66494.07967
66494.24722
66494.30432
66494.25294
66494.11783
66493.91962
66493.66569
66493.35941
66493.01941
66492.71342
66492.68363
66493.64424
66493.60651
66493.76036
66493.88334
66493.92026
66493.86827
66493.74412
66493.564
66493.33628
66493.06857
66492.78144
66492.53432
66492.53022
66493.66894
66493.61677
66493.74182
66493.86004
66493.90491
66493.86381
66493.74632
66493.56603
66493.33378
66493.06281
66492.78104
66492.55831
66492.56943
66494.89347
66494.79067
66494.81817
66494.78911
66494.66447
66494.45716
66494.19176
66493.88836
66493.5596
66493.21841
66492.89271
66492.65296
66492.67131
66494.85447
66494.67214
66494.62856
66494.54508
66494.39222
66494.18088
66493.92871
66493.65184
66493.3629
66493.07595
66492.81522
66492.63773
66492.70149
66494.14303
66493.94211
66493.88536
66493.79809
66493.65187
66493.45754
66493.23129
66492.98813
66492.74032
66492.49987
66492.28558
66492.14547
66492.22261
66492.89175
66492.71689
66492.67354
66492.6119
66492.50145
66492.34876
66492.16765
66491.97215
66491.7741
66491.58398
66491.41685
66491.3113
66491.37991
66491.25269
66491.13097
66491.11559
66491.09299
66491.03307
66490.93718
66490.81574
66490.68118
66490.54402
66490.41317
66490.29918
66490.22883
66490.28034
66489.37779
66489.32362
66489.34087
66489.35798
66489.35073
66489.31659
66489.26276
66489.19912
66489.1336
66489.0714
66489.01745
66488.98511
66489.0159
66487.40166
66487.41928
66487.46534
66487.51448
66487.55361
66487.57946
66487.59666
66487.61111
66487.62612
66487.641
66487.65315
66487.66099
66487.67024
66485.43687
66485.51971
66485.58348
66485.65258
66485.72879
66485.81102
66485.90065
66485.99831
66486.10025
66486.19842
66486.28136
66486.33221
66486.32014
66483.59295
66483.72617
66483.79301
66483.86862
66483.97228
66484.10554
66484.26619
66484.44797
66484.63878
66484.82236
66484.97809
66485.07354
66485.0425
66481.99524
66482.15908
66482.2146
66482.28459
66482.40494
66482.57964
66482.80332
66483.06219
66483.33623
66483.60106
66483.82766
66483.96863
66483.92179
66480.78649
66480.95469
66480.98467
66481.0367
66481.15944
66481.36022
66481.6306
66481.95127
66482.29544
66482.63195
66482.92336
66483.10909
66483.05446
66480.11062
66480.24544
66480.23319
66480.24975
66480.3553
66480.56139
66480.85781
66481.22092
66481.61988
66482.01766
66482.36867
66482.59999
66482.55733
66480.10322
66480.15804
66480.06279
66480.01159
66480.07833
66480.27478
66480.58405
66480.97789
66481.42338
66481.88281
66482.30446
66482.59994
66482.59632
66494.89347
66494.85447
66494.14303
66492.89175
66491.25269
66489.37779
66487.40166
66485.43687
66483.59295
66481.99524
66480.78649
66480.11062
66480.10322
66494.81989
66494.7097
66493.98213
66492.75092
66491.15301
66489.33038
66487.40985
66485.49527
66483.69055
66482.11975
66480.92207
66480.2299
66480.16014
66494.91608
66494.73586
66493.98832
66492.75335
66491.15795
66489.33721
66487.41194
66485.48127
66483.65006
66482.04812
66480.81847
66480.09012
66479.94661
66494.9818
66494.74281
66493.97976
66492.74833
66491.16032
66489.34053
66487.40358
66485.44709
66483.58049
66481.94085
66480.67487
66479.90574
66479.69109
66494.97345
66494.69828
66493.92678
66492.70546
66491.13117
66489.31807
66487.37475
66485.39934
66483.50744
66481.84141
66480.54887
66479.74684
66479.48083
66494.89947
66494.60967
66493.83711
66492.62809
66491.06878
66489.26476
66487.32069
66485.33694
66483.43415
66481.75731
66480.45304
66479.63307
66479.33899
66494.77779
66494.48901
66493.7219
66492.52499
66490.97887
66489.1843
66487.24459
66485.26279
66483.36275
66481.68989
66480.38878
66479.56726
66479.26514
66494.61724
66494.34299
66493.58828
66492.404
66490.86972
66489.0853
66487.15508
66485.18386
66483.29726
66481.64031
66480.3555
66479.5484
66479.2566
66494.41448
66494.17133
66493.4379
66492.26948
66490.74862
66488.97737
66487.062
66485.10899
66483.24497
66481.61429
66480.35776
66479.58063
66479.31991
66494.16509
66493.97373
66493.27085
66492.12358
66490.62111
66488.86862
66486.97487
66485.0484
66483.21666
66481.62218
66480.40443
66479.67053
66479.46498
66493.88352
66493.76194
66493.09454
66491.9734
66490.49522
66488.76806
66486.90294
66485.01107
66483.21989
66481.66954
66480.49678
66479.81197
66479.68125
66493.64424
66493.59459
66492.95862
66491.86049
66490.40219
66488.69526
66486.85236
66484.98915
66483.23234
66481.72044
66480.58692
66479.94519
66479.89104
66493.66894
66493.6786
66493.05576
66491.94093
66490.45209
66488.70705
66486.82497
66484.92645
66483.14275
66481.61393
66480.47838
66479.85988
66479.86886
66493.66894
66493.61677
66493.74182
66493.86004
66493.90491
66493.86381
66493.74632
66493.56603
66493.33378
66493.06281
66492.78104
66492.55831
66492.56943
66493.6786
66493.55055
66493.59602
66493.64692
66493.64899
66493.59055
66493.4759
66493.31497
66493.11857
66492.90084
66492.6857
66492.52916
66492.58923
66493.05576
66492.901
66492.90857
66492.92514
66492.90514
66492.84117
66492.73738
66492.6019
66492.44345
66492.27297
66492.10798
66491.99385
66492.07033
66491.94093
66491.79941
66491.78774
66491.78701
66491.76136
66491.70583
66491.6242
66491.52248
66491.40687
66491.28507
66491.16949
66491.09492
66491.16529
66490.45209
66490.34739
66490.33023
66490.3241
66490.30515
66490.27022
66490.22178
66490.16322
66490.09791
66490.03041
66489.96826
66489.93281
66489.98731
66488.70705
66488.65482
66488.64288
66488.64031
66488.63714
66488.63203
66488.62565
66488.61847
66488.61082
66488.60346
66488.59826
66488.60277
66488.63722
66486.82497
66486.83204
66486.83033
66486.83603
66486.8541
66486.88484
66486.92689
66486.9777
66487.034
66487.0924
66487.14823
66487.19301
66487.20583
66484.92645
66484.99209
66484.99966
66485.01354
66485.05427
66485.12367
66485.2177
66485.33047
66485.45486
66485.58268
66485.70194
66485.7886
66485.77986
66483.14275
66483.2575
66483.26899
66483.2875
66483.34813
66483.45435
66483.59966
66483.77407
66483.96632
66484.16322
66484.34581
66484.47346
66484.44423
66481.61393
66481.76295
66481.76978
66481.78561
66481.8586
66481.99411
66482.18387
66482.41405
66482.66895
66482.93
66483.1709
66483.33668
66483.28916
66480.47838
66480.63778
66480.62836
66480.6309
66480.70391
66480.85603
66481.07784
66481.35291
66481.66071
66481.9774
66482.26908
66482.46935
66482.41025
66479.85988
66479.99366
66479.95146
66479.92352
66479.97869
66480.13045
66480.36993
66480.6774
66481.02923
66481.39534
66481.73475
66481.96968
66481.91841
66479.86886
66479.92873
66479.80917
66479.71471
66479.72829
66479.86599
66480.11371
66480.44797
66480.84272
66481.26724
66481.67375
66481.96911
66481.95648
66492.67131
66492.70149
66492.22261
66491.37991
66490.28034
66489.0159
66487.67024
66486.32014
66485.0425
66483.92179
66483.05446
66482.55733
66482.59632
66492.62745
66492.59681
66492.09365
66491.2602
66490.18916
66488.96526
66487.66627
66486.36471
66485.1312
66484.04497
66483.19216
66482.67406
66482.65617
66492.75064
66492.65162
66492.10987
66491.25416
66490.17362
66488.94952
66487.65578
66486.36114
66485.13125
66484.0402
66483.16831
66482.61151
66482.52593
66492.9016
66492.74105
66492.15956
66491.27597
66490.17572
66488.93747
66487.63288
66486.32839
66485.08692
66483.97889
66483.08063
66482.48299
66482.3351
66493.02235
66492.81728
66492.20254
66491.29395
66490.17376
66488.91861
66487.59869
66486.27935
66485.02225
66483.89573
66482.97319
66482.34101
66482.14694
66493.09438
66492.86378
66492.22674
66491.29931
66490.1622
66488.89108
66487.5553
66486.22007
66484.94717
66483.80426
66482.86329
66482.20836
66481.98683
66493.11573
66492.87602
66492.22891
66491.29017
66490.14028
66488.85517
66487.50453
66486.15427
66484.86729
66483.71207
66482.76086
66482.09662
66481.86479
66493.08622
66492.85269
66492.20799
66491.26589
66490.10791
66488.81152
66487.44821
66486.08534
66484.78764
66483.62572
66482.67362
66482.01455
66481.78818
66493.002
66492.79208
66492.1623
66491.22503
66490.06434
66488.76085
66487.38855
66486.01706
66484.71368
66483.55232
66482.60976
66481.97022
66481.76708
66492.86219
66492.69608
66492.09262
66491.16772
66490.01033
66488.7048
66487.32837
66485.9534
66484.65089
66483.49816
66482.57473
66481.96821
66481.80914
66492.68363
66492.57888
66492.00887
66491.10176
66489.95254
66488.64886
66487.27203
66485.8974
66484.60096
66483.46253
66482.56505
66482.00069
66481.90433
66492.53022
66492.49225
66491.95481
66491.0638
66489.91811
66488.61041
66487.22547
66485.84435
66484.5473
66483.41861
66482.54519
66482.02357
66481.99857
66492.56943
66492.58923
66492.07033
66491.16529
66489.98731
66488.63722
66487.20583
66485.77986
66484.44423
66483.28916
66482.41025
66481.91841
66481.95648
66480.10322
66480.15804
66480.06279
66480.01159
66480.07833
66480.27478
66480.58405
66480.97789
66481.42338
66481.88281
66482.30446
66482.59994
66482.59632
66480.16014
66480.21695
66480.09835
66480.04242
66480.11506
66480.31815
66480.62843
66481.01645
66481.45281
66481.90569
66482.33069
66482.64783
66482.65617
66479.94661
66479.98656
66479.80335
66479.69766
66479.74772
66479.94915
66480.26991
66480.67618
66481.13965
66481.63256
66482.11203
66482.48891
66482.52593
66479.69109
66479.73437
66479.49836
66479.34876
66479.37685
66479.57362
66479.90058
66480.32075
66480.80703
66481.33486
66481.86245
66482.28914
66482.3351
66479.48083
66479.53635
66479.26868
66479.09035
66479.10259
66479.29385
66479.62144
66480.04666
66480.54364
66481.09079
66481.64747
66482.10444
66482.14694
66479.33899
66479.40583
66479.12158
66478.92545
66478.92591
66479.11055
66479.43444
66479.85792
66480.3564
66480.9105
66481.48061
66481.95216
66481.98683
66479.26514
66479.336
66479.04292
66478.8353
66478.82563
66479.00203
66479.31904
66479.73681
66480.23154
66480.78515
66481.35877
66481.83503
66481.86479
66479.2566
66479.32175
66479.02563
66478.8122
66478.79416
66478.96125
66479.26922
66479.67889
66480.16664
66480.71442
66481.28353
66481.75754
66481.78818
66479.31991
66479.37246
66479.0838
66478.87441
66478.85286
66479.01138
66479.30873
66479.70724
66480.18313
66480.71731
66481.27105
66481.73191
66481.76708
66479.46498
66479.5054
66479.24341
66479.05445
66479.03851
66479.19131
66479.47625
66479.85835
66480.3137
66480.82166
66481.3429
66481.77284
66481.80914
66479.68125
66479.72025
66479.51043
66479.36263
66479.36384
66479.51443
66479.78453
66480.14331
66480.56703
66481.03296
66481.50127
66481.8789
66481.90433
66479.89104
66479.95012
66479.80704
66479.70949
66479.73207
66479.88072
66480.13477
66480.46842
66480.85822
66481.27787
66481.68724
66482.00198
66481.99857
66479.86886
66479.92873
66479.80917
66479.71471
66479.72829
66479.86599
66480.11371
66480.44797
66480.84272
66481.26724
66481.67375
66481.96911
66481.95648
)
;
    }
}


// ************************************************************************* //
